shape_id,shape_pt_lat,shape_pt_lon,shape_pt_sequence
8_shp,25.7306132,-100.3052187,1
8_shp,25.73013961,-100.3035504,2
8_shp,25.73010578,-100.3033465,3
8_shp,25.73012028,-100.3032339,4
8_shp,25.7299898,-100.3030461,5
8_shp,25.72877199,-100.3020054,6
8_shp,25.7259594,-100.3047305,7
8_shp,25.72550029,-100.3053421,8
8_shp,25.7246449,-100.3077185,9
8_shp,25.72461107,-100.3078312,10
8_shp,25.72441776,-100.307799,11
8_shp,25.72533114,-100.3053099,12
8_shp,25.72583375,-100.3045642,13
8_shp,25.72839989,-100.3020591,14
8_shp,25.72842888,-100.3018445,15
8_shp,25.72821141,-100.301351,16
8_shp,25.71666575,-100.2852631,17
8_shp,25.71568463,-100.28404,18
8_shp,25.71592629,-100.2838737,19
8_shp,25.71683974,-100.2851826,20
8_shp,25.7282984,-100.3011471,21
8_shp,25.7288759,-100.3018954,22
8_shp,25.729811,-100.3026223,23
8_shp,25.73024592,-100.3031132,24
8_shp,25.73049963,-100.3034806,25
8_shp,25.73143955,-100.3046179,26
8_shp,25.73157728,-100.3049397,27
8_shp,25.73148063,-100.3051034,28
8_shp,25.73097805,-100.305444,29
8_shp,25.73079683,-100.3054655,30
8_shp,25.73064702,-100.3053796,31
12_shp,25.72247497,-100.3170097,1
12_shp,25.70798523,-100.3168595,2
12_shp,25.70652553,-100.3168488,3
12_shp,25.70624518,-100.3169453,4
12_shp,25.70569416,-100.3168488,5
12_shp,25.70444711,-100.3167629,6
12_shp,25.70444711,-100.315572,7
12_shp,25.70558783,-100.3151214,8
12_shp,25.70560716,-100.3148746,9
12_shp,25.70884558,-100.3137159,10
12_shp,25.71208391,-100.3127289,11
12_shp,25.71352421,-100.3122139,12
12_shp,25.71793201,-100.310626,13
12_shp,25.72106377,-100.309478,14
12_shp,25.72705641,-100.3073215,15
12_shp,25.73034257,-100.3061736,16
12_shp,25.73091281,-100.3061843,17
12_shp,25.73124142,-100.306356,18
12_shp,25.73147821,-100.3068602,19
12_shp,25.7313719,-100.3077614,20
12_shp,25.73069535,-100.3094459,21
12_shp,25.7305697,-100.3098696,22
12_shp,25.73075334,-100.3116292,23
12_shp,25.73069052,-100.3122354,24
12_shp,25.72955004,-100.3146118,25
12_shp,25.72928908,-100.3150195,26
12_shp,25.72900396,-100.3161836,27
12_shp,25.7287285,-100.3166878,28
12_shp,25.7283129,-100.3169775,29
12_shp,25.72757351,-100.3170526,30
12_shp,25.72681961,-100.3168648,31
12_shp,25.72586274,-100.3168595,32
12_shp,25.72557278,-100.3170204,33
12_shp,25.72389098,-100.3169936,34
17_shp,25.66772079,-100.3101701,1
17_shp,25.66863461,-100.3154004,2
17_shp,25.66959194,-100.3153038,3
17_shp,25.6703462,-100.3191233,4
17_shp,25.67247356,-100.3187585,5
17_shp,25.67682487,-100.3181791,6
17_shp,25.68610712,-100.3168702,7
17_shp,25.68697729,-100.31672,8
17_shp,25.6877121,-100.3166878,9
17_shp,25.69683882,-100.31672,10
17_shp,25.70012581,-100.3167629,11
17_shp,25.70774356,-100.3141022,12
17_shp,25.71632744,-100.3110123,13
17_shp,25.72444675,-100.3080404,14
17_shp,25.73041989,-100.3059483,15
17_shp,25.73098047,-100.305562,16
17_shp,25.73173433,-100.3051651,17
17_shp,25.73370596,-100.304693,18
17_shp,25.73805503,-100.3031266,19
17_shp,25.7525411,-100.297966,20
17_shp,25.76029077,-100.295198,21
17_shp,25.76279336,-100.2941036,22
17_shp,25.76449393,-100.293299,23
17_shp,25.76562441,-100.2928162,24
17_shp,25.76683217,-100.2922368,25
17_shp,25.76962448,-100.2910459,26
17_shp,25.77394324,-100.2890718,27
17_shp,25.77967237,-100.2865076,28
17_shp,25.78422263,-100.2844799,29
17_shp,25.80039347,-100.2771735,30
22_shp,25.76497704,-100.3117847,1
22_shp,25.76534903,-100.3085715,2
22_shp,25.76543116,-100.3074288,3
22_shp,25.76561233,-100.3058544,4
22_shp,25.76550604,-100.3055969,5
22_shp,25.76523309,-100.3054252,6
22_shp,25.76395767,-100.3056505,7
22_shp,25.76328372,-100.3056988,8
22_shp,25.76137539,-100.3059697,9
22_shp,25.76067969,-100.3061199,10
22_shp,25.75935832,-100.3063264,11
22_shp,25.75841621,-100.3065115,12
22_shp,25.75589662,-100.307453,13
22_shp,25.75026056,-100.3095451,14
22_shp,25.74588053,-100.3111839,15
22_shp,25.736702,-100.3143597,16
22_shp,25.73108195,-100.3163016,17
22_shp,25.73081616,-100.3164947,18
22_shp,25.73001396,-100.3167844,19
22_shp,25.72957903,-100.317058,20
22_shp,25.72945339,-100.3179377,21
22_shp,25.72938573,-100.3196973,22
22_shp,25.72925525,-100.3202391,23
22_shp,25.72901846,-100.3207809,24
22_shp,25.72851587,-100.3213817,25
22_shp,25.72761217,-100.3219986,26
22_shp,25.72579992,-100.3233504,27
22_shp,25.72537464,-100.3238547,28
22_shp,25.72413746,-100.3274542,29
22_shp,25.72414712,-100.3278404,30
22_shp,25.72406496,-100.3281462,31
22_shp,25.72379433,-100.3289241,32
22_shp,25.7231129,-100.3302759,33
22_shp,25.72327722,-100.3304797,34
22_shp,25.725162,-100.3310055,35
22_shp,25.72751552,-100.3315097,36
22_shp,25.72954521,-100.3319657,37
22_shp,25.73425202,-100.3330439,38
22_shp,25.73652321,-100.3326792,39
22_shp,25.73693637,-100.3325021,40
22_shp,25.74049285,-100.3258207,41
22_shp,25.74227347,-100.3231332,42
22_shp,25.74282432,-100.3226531,43
22_shp,25.74335101,-100.3224599,44
22_shp,25.74434398,-100.3222856,45
22_shp,25.74614628,-100.3221622,46
22_shp,25.74800171,-100.3221032,47
22_shp,25.74853804,-100.3220308,48
22_shp,25.75279235,-100.3204644,49
22_shp,25.75555841,-100.3203785,50
22_shp,25.75712622,-100.32029,51
22_shp,25.75765043,-100.3203812,52
22_shp,25.76204693,-100.3218564,53
22_shp,25.76357601,-100.3224358,54
22_shp,25.76383689,-100.3221434,55
22_shp,25.76402531,-100.3205073,56
27_shp,25.76523309,-100.3054252,1
27_shp,25.76395767,-100.3056505,2
27_shp,25.76328372,-100.3056988,3
27_shp,25.76137539,-100.3059697,4
27_shp,25.76067969,-100.3061199,5
27_shp,25.75935832,-100.3063264,6
27_shp,25.75841621,-100.3065115,7
27_shp,25.75589662,-100.307453,8
27_shp,25.75026056,-100.3095451,9
27_shp,25.74588053,-100.3111839,10
27_shp,25.736702,-100.3143597,11
27_shp,25.73108195,-100.3163016,12
27_shp,25.73081616,-100.3164947,13
27_shp,25.72992698,-100.3133512,14
27_shp,25.73044889,-100.3095853,15
27_shp,25.7338606,-100.3046608,16
27_shp,25.73959166,-100.3025901,17
27_shp,25.75239616,-100.2980089,18
27_shp,25.76479346,-100.2931595,19
27_shp,25.77410749,-100.2889001,20
27_shp,25.78037763,-100.2860677,21
27_shp,25.7811505,-100.2881813,22
27_shp,25.78152728,-100.2914321,23
27_shp,25.78197168,-100.2951229,24
27_shp,25.7838362,-100.2997363,25
27_shp,25.78594221,-100.3016245,26
27_shp,25.78471532,-100.3031695,27
27_shp,25.77791405,-100.3040063,28
27_shp,25.77494804,-100.3043711,29
27_shp,25.76948921,-100.3049183,30
27_shp,25.76704474,-100.3053474,31
34a_shp,25.71663675,-100.3108406,1
34a_shp,25.72352852,-100.3088021,2
34a_shp,25.7234222,-100.3108513,3
34a_shp,25.72368317,-100.3136301,4
34a_shp,25.72370251,-100.3161407,5
34a_shp,25.72299692,-100.3169882,6
34a_shp,25.72113143,-100.316956,7
34a_shp,25.71794168,-100.3169775,8
34a_shp,25.71597945,-100.3169346,9
34a_shp,25.71155225,-100.3168702,10
34a_shp,25.70867158,-100.3168702,11
34a_shp,25.7067382,-100.316838,12
34a_shp,25.70298736,-100.3166664,13
34a_shp,25.6999518,-100.3169131,14
34a_shp,25.69710952,-100.3169131,15
34a_shp,25.69034191,-100.3168488,16
34a_shp,25.68662922,-100.3177714,17
34a_shp,25.68399934,-100.3180718,18
34a_shp,25.67866204,-100.3188229,19
34a_shp,25.67761775,-100.3199279,20
34a_shp,25.67740503,-100.3228784,21
34a_shp,25.67580958,-100.3230608,22
34a_shp,25.67373062,-100.3233397,23
34a_shp,25.67111012,-100.3233075,24
34a_shp,25.67067498,-100.3191555,25
34a_shp,25.67209644,-100.3188658,26
34a_shp,25.67539379,-100.3183722,27
34a_shp,25.67716329,-100.3181577,28
34a_shp,25.68116634,-100.3176105,29
34a_shp,25.68243298,-100.3174281,30
34a_shp,25.68584606,-100.3169346,31
34a_shp,25.69006152,-100.3166717,32
34a_shp,25.69448953,-100.3167361,33
34a_shp,25.69712402,-100.3167576,34
34a_shp,25.69996147,-100.3167361,35
34a_shp,25.70183695,-100.3162318,36
34a_shp,25.70656419,-100.3145045,37
34a_shp,25.70825107,-100.3139198,38
34a_shp,25.71043092,-100.3130293,39
34a_shp,25.71405103,-100.311833,40
34b_shp,25.71663675,-100.3108406,1
34b_shp,25.72419545,-100.3081316,2
34b_shp,25.72560178,-100.3076059,3
34b_shp,25.7271579,-100.307048,4
34b_shp,25.73390892,-100.3046179,5
34b_shp,25.73393792,-100.3022146,6
34b_shp,25.7371659,-100.2981162,7
34b_shp,25.74103163,-100.294683,8
34b_shp,25.74455417,-100.2934009,9
34b_shp,25.74623809,-100.294168,10
34b_shp,25.74853562,-100.2955064,11
34b_shp,25.74970249,-100.2984837,12
34b_shp,25.75047074,-100.3010935,13
34b_shp,25.75107953,-100.3032044,14
34b_shp,25.75223188,-100.3072786,15
34b_shp,25.7472552,-100.3106797,16
34b_shp,25.7431384,-100.3122461,17
34b_shp,25.74003622,-100.3133404,18
34b_shp,25.7378714,-100.31407,19
34b_shp,25.73167634,-100.3161085,20
34b_shp,25.72409879,-100.317117,21
34b_shp,25.72299692,-100.3169882,22
34b_shp,25.72113143,-100.316956,23
34b_shp,25.71794168,-100.3169775,24
34b_shp,25.71597945,-100.3169346,25
34b_shp,25.71155225,-100.3168702,26
34b_shp,25.70867158,-100.3168702,27
34b_shp,25.7067382,-100.316838,28
34b_shp,25.70298736,-100.3166664,29
34b_shp,25.6999518,-100.3169131,30
34b_shp,25.69710952,-100.3169131,31
34b_shp,25.69034191,-100.3168488,32
34b_shp,25.68662922,-100.3177714,33
34b_shp,25.68399934,-100.3180718,34
34b_shp,25.67866204,-100.3188229,35
34b_shp,25.67761775,-100.3199279,36
34b_shp,25.67740503,-100.3228784,37
34b_shp,25.67580958,-100.3230608,38
34b_shp,25.67373062,-100.3233397,39
34b_shp,25.67111012,-100.3233075,40
34b_shp,25.67067498,-100.3191555,41
34b_shp,25.67209644,-100.3188658,42
34b_shp,25.67539379,-100.3183722,43
34b_shp,25.67716329,-100.3181577,44
34b_shp,25.68116634,-100.3176105,45
34b_shp,25.68243298,-100.3174281,46
34b_shp,25.68584606,-100.3169346,47
34b_shp,25.69006152,-100.3166717,48
34b_shp,25.69448953,-100.3167361,49
34b_shp,25.69712402,-100.3167576,50
34b_shp,25.69996147,-100.3167361,51
34b_shp,25.70183695,-100.3162318,52
34b_shp,25.70656419,-100.3145045,53
34b_shp,25.70825107,-100.3139198,54
34b_shp,25.71043092,-100.3130293,55
34b_shp,25.71405103,-100.311833,56


